0.9965839,-0.0419782,0.07112175,-0.06810737,0.05886428,0.9650948,-0.2551999,0.5344257,-0.05792639,0.2585146,0.964269,-0.8560631
0.9995254,0.01054663,0.02894068,-0.06348753,-0.004979974,0.9825255,-0.1860613,0.5321067,-0.03039727,0.1858288,0.9821118,-0.864768
0.9977084,0.064002,-0.02194953,-0.05602932,-0.06707571,0.978169,-0.1966881,0.5374879,0.008881927,0.1977097,0.9802204,-0.8730917
0.9982266,0.03882525,-0.04512417,-0.05230451,-0.04595997,0.9844217,-0.1697103,0.5426525,0.03783214,0.1714832,0.9844604,-0.8797934
0.9984876,0.03928182,-0.03846449,-0.05311131,-0.04556624,0.9827569,-0.1792,0.5484812,0.03076196,0.1806817,0.9830605,-0.8830516
0.9992732,0.03790898,-0.003995717,-0.05920577,-0.0380004,0.9824145,-0.1828054,0.5517336,-0.003004521,0.1828244,0.983141,-0.8837893
0.9978507,0.06466119,0.01063415,-0.06130457,-0.0622318,0.9859029,-0.1553148,0.5539104,-0.02052706,0.1543192,0.9878078,-0.8847847
0.9962598,0.08364823,0.02166441,-0.06367636,-0.07846573,0.9807896,-0.1785914,0.5573109,-0.03618708,0.1762235,0.9836848,-0.884408
0.997304,0.05618595,0.04720074,-0.06797314,-0.04720832,0.9837022,-0.1734976,0.5574705,-0.05617961,0.1708016,0.9837025,-0.8835576
0.9986016,-0.01371992,0.05105618,-0.06820059,0.02228404,0.9849908,-0.1711623,0.5599627,-0.04794151,0.1720607,0.983919,-0.8825109
0.9989611,1.818687E-05,0.0455713,-0.06345272,0.00839479,0.9828129,-0.1844132,0.5618795,-0.04479149,0.1846041,0.9817917,-0.8827119
0.9989161,0.0196084,0.04221365,-0.05882168,-0.01120968,0.9815859,-0.1906922,0.5634469,-0.04517549,0.1900123,0.9807419,-0.8834138
0.999011,0.03416756,0.02845076,-0.05348659,-0.02849889,0.9832349,-0.1801024,0.5624836,-0.03412741,0.1791134,0.9832363,-0.8844409
0.9983081,0.05154603,0.0269081,-0.04946613,-0.04583418,0.9823508,-0.1813456,0.5623403,-0.03578088,0.1798054,0.9830513,-0.8844016
0.9978645,0.05770817,0.03059971,-0.04635167,-0.05114204,0.9816723,-0.1835866,0.5634438,-0.04063335,0.1816296,0.9825271,-0.8854425
0.9976704,0.05927397,0.03377011,-0.04245734,-0.05219099,0.9819691,-0.181694,0.5635585,-0.04393086,0.1795083,0.9827751,-0.8859832
0.9981043,0.04867944,0.03765598,-0.03615475,-0.04115817,0.9828673,-0.1796604,0.5630934,-0.04575658,0.1777699,0.9830077,-0.8866167
0.9981794,0.04699325,0.03780758,-0.02672291,-0.03949375,0.9830262,-0.1791639,0.5626031,-0.04558533,0.1773446,0.9830925,-0.8866737
0.9981949,0.03848124,0.04610944,-0.01526618,-0.02985319,0.9841105,-0.1750292,0.5620896,-0.05211222,0.1733367,0.983483,-0.8875322
0.9975232,0.04040095,0.05757901,-0.003743649,-0.03007331,0.984966,-0.1701101,0.5611464,-0.06358597,0.1679572,0.9837414,-0.8892519
0.9985856,0.02896501,0.04458609,0.01520634,-0.0220023,0.9885304,-0.1494105,0.5594958,-0.0484024,0.1482182,0.9877695,-0.8901179
0.9991164,0.02784576,0.03147995,0.03809953,-0.02275293,0.9881309,-0.15192,0.5618811,-0.03533667,0.1510695,0.9878914,-0.8894854
0.9996871,0.02140791,0.01294535,0.06474066,-0.0193254,0.9894136,-0.1438305,0.5631292,-0.01588744,0.1435353,0.9895176,-0.8895891
0.9997807,0.01976851,-0.006922185,0.09049511,-0.02054586,0.9898476,-0.1406398,0.5645062,0.004071683,0.1407512,0.9900366,-0.8897402
0.9997932,0.01705472,-0.0110794,0.1136787,-0.01857912,0.987508,-0.1564697,0.5697028,0.008272439,0.1566432,0.9876207,-0.8901973
0.9994141,0.007859953,-0.03331074,0.142791,-0.01306311,0.9871934,-0.1589922,0.5722517,0.03163442,0.1593342,0.9867178,-0.8909495
0.9994004,-0.0080337,-0.03367907,0.170095,0.002859561,0.9885377,-0.150947,0.5724753,0.03450572,0.1507602,0.987968,-0.8906858
0.9994265,0.005229749,-0.03345591,0.1985595,-0.009559995,0.9913873,-0.1306134,0.570549,0.03248468,0.1308584,0.9908687,-0.890554
0.9993647,0.00186855,-0.03558847,0.2269733,-0.005976067,0.9932705,-0.1156634,0.5697091,0.03513283,0.1158026,0.9926507,-0.8893983
0.9988735,-0.009201247,-0.046552,0.2584295,0.003751065,0.9932613,-0.1158359,0.5699694,0.04730415,0.1155307,0.9921769,-0.8886642
0.9949591,-0.01802068,-0.09864959,0.2934468,0.007547154,0.9943876,-0.1055293,0.5717297,0.09999767,0.1042528,0.9895109,-0.8873799
0.9930896,-0.01764665,-0.1160246,0.3278041,0.002694454,0.9917984,-0.1277838,0.5795969,0.117328,0.1265882,0.9849922,-0.8815207
0.9869536,-0.01990333,-0.1597698,0.3652167,-0.004212655,0.9887977,-0.1492025,0.5869563,0.1609497,0.147929,0.9758136,-0.8716893
0.9829254,-0.02942631,-0.181636,0.3974907,-0.0006098243,0.9866033,-0.1631366,0.5934029,0.1840032,0.1604619,0.9697396,-0.8633726
0.9807277,-0.03892165,-0.1914637,0.424891,0.005024704,0.9846572,-0.1744278,0.5980514,0.1953152,0.1701041,0.9658761,-0.85939
0.9771678,-0.03361687,-0.2097927,0.4492381,0.002758338,0.9893278,-0.1456806,0.5970635,0.2124511,0.1417757,0.966832,-0.8567698
0.9702497,-0.03394385,-0.2397151,0.472959,-0.004255729,0.9875787,-0.1570671,0.5978217,0.242069,0.1534145,0.9580535,-0.8501542
0.9610911,-0.02895684,-0.2747096,0.4926589,-0.01611936,0.9869165,-0.1604245,0.5978482,0.2757608,0.1586107,0.9480498,-0.8448651
0.957752,-0.02394947,-0.2865962,0.5030246,-0.02135164,0.9878551,-0.1539035,0.5974079,0.2868015,0.1535207,0.945609,-0.8449008
0.945999,-0.02007654,-0.323547,0.509979,-0.03406702,0.9863967,-0.1608137,0.5961493,0.3223742,0.1631519,0.9324464,-0.8419826
0.9395204,-0.01794825,-0.3420222,0.5097222,-0.04155334,0.9852753,-0.1658494,0.5956203,0.3399628,0.170031,0.9249404,-0.8398407
0.9354185,-0.02003606,-0.3529742,0.5061543,-0.04064468,0.9856786,-0.1636632,0.5959033,0.3511983,0.1674401,0.9212076,-0.8396599
0.9354366,-0.02406041,-0.3526746,0.4986041,-0.03290336,0.9874232,-0.1546378,0.5965594,0.3519597,0.156258,0.9228802,-0.8416641
0.9346923,-0.02539512,-0.3545495,0.4856427,-0.03317714,0.9868577,-0.1581494,0.5974551,0.3539061,0.159584,0.9215658,-0.8454709
0.9363032,-0.03658843,-0.3492816,0.4610591,-0.0265848,0.9843203,-0.1743755,0.6030022,0.3501852,0.1725539,0.9206495,-0.8519166
0.9338405,-0.03825805,-0.3556378,0.4321351,-0.0252896,0.9847133,-0.1723373,0.6034461,0.3567945,0.1699295,0.9185976,-0.8542509
0.9371709,-0.03783044,-0.3468133,0.3975739,-0.01389498,0.989267,-0.1454569,0.6022874,0.3485937,0.1411369,0.9265866,-0.8560054
0.9341092,-0.05946381,-0.352,0.3608243,0.001202681,0.986548,-0.1634672,0.6043538,0.3569853,0.1522729,0.9216151,-0.8545101
0.9296267,-0.05950804,-0.3636661,0.3196378,0.01717898,0.9928005,-0.1185416,0.5966552,0.368102,0.103952,0.9239561,-0.8557012
0.9333559,-0.07289512,-0.3514726,0.2688932,0.03311515,0.9924733,-0.1178989,0.5911801,0.3574215,0.09840256,0.9287447,-0.8578391
0.9377569,-0.08523589,-0.3366702,0.2172046,0.0448396,0.991016,-0.1260031,0.5842902,0.3443856,0.1030641,0.933154,-0.8595183
0.9574429,-0.06880204,-0.2803022,0.1647787,0.03662772,0.9922841,-0.1184515,0.5801079,0.2862891,0.1031437,0.9525754,-0.8635256
0.9765041,-0.02963502,-0.2134511,0.1133401,0.004233254,0.992946,-0.1184917,0.5789947,0.215457,0.114804,0.9697413,-0.8666449
0.9863748,0.0009791404,-0.1645109,0.06366158,-0.02121569,0.9923893,-0.1212985,0.5757231,0.1631401,0.123136,0.9788886,-0.86674
0.9959542,0.03327871,-0.08347324,0.0154593,-0.04142464,0.9943401,-0.097836,0.5691576,0.07974485,0.100898,0.9916956,-0.867913
0.9980956,0.04760482,-0.0392299,-0.02389574,-0.05084835,0.9949693,-0.08631629,0.5628236,0.03492343,0.08814669,0.9954951,-0.8626685
0.9985323,0.04799036,-0.02510574,-0.05405354,-0.04930393,0.9972892,-0.0546208,0.5539121,0.02241647,0.05577845,0.9981915,-0.8536243
0.9961277,0.08536238,0.02104348,-0.07528734,-0.08353283,0.9935815,-0.07627609,0.5526882,-0.02741948,0.07422292,0.9968646,-0.8466985
0.9958547,0.08372872,0.03553802,-0.08447266,-0.08145931,0.9948013,-0.06111242,0.5501742,-0.04047015,0.05796419,0.997498,-0.8444459
0.9973502,0.06414764,0.03431931,-0.08603001,-0.06230192,0.9966815,-0.05238874,0.5500482,-0.03756601,0.05011177,0.9980369,-0.8450909
0.9966004,0.06911868,0.04483607,-0.08482504,-0.06571203,0.9951311,-0.07345698,0.5527844,-0.04969501,0.07026099,0.9962901,-0.8478529
0.9976395,0.05515701,0.04090425,-0.08216739,-0.0532274,0.9974827,-0.04685134,0.5494152,-0.04338548,0.04456352,0.998064,-0.8607213
0.9975101,0.05081638,0.04890081,-0.08008289,-0.04882229,0.9979597,-0.04114397,0.5499266,-0.05089185,0.03865407,0.9979558,-0.8865342
0.9974504,0.04526816,0.05516869,-0.07812834,-0.04242682,0.9977647,-0.05162936,0.5570866,-0.05738261,0.0491571,0.9971414,-0.9221592
0.996719,0.06061361,0.05364031,-0.07639241,-0.05716175,0.9963306,-0.0637021,0.5647838,-0.05730459,0.06042692,0.9965264,-0.9628305
0.9924781,0.1033639,0.06559774,-0.07625079,-0.0989282,0.9927951,-0.06761097,0.5679199,-0.07211369,0.06061295,0.995553,-1.007496
0.993194,0.09900726,0.06134585,-0.07527447,-0.09516026,0.9934823,-0.06274881,0.5689903,-0.06715861,0.05648406,0.9961421,-1.057937
0.991513,0.1081437,0.07215807,-0.07656145,-0.1036932,0.9926236,-0.0628185,0.569536,-0.07841927,0.05480307,0.9954131,-1.099345
0.9908927,0.1089641,0.07911032,-0.07714224,-0.1031485,0.991893,-0.07422088,0.5741292,-0.0865564,0.06538483,0.994099,-1.131411
0.9890019,0.1236234,0.08119443,-0.07717252,-0.119231,0.9912346,-0.05690261,0.5731928,-0.08751723,0.0465959,0.9950727,-1.162222
0.9896749,0.1226542,0.07415822,-0.07573414,-0.1188092,0.9914353,-0.05422515,0.570224,-0.08017406,0.0448546,0.9957712,-1.190949
0.9895023,0.1216257,0.07805461,-0.07680964,-0.1189173,0.9921585,-0.03847403,0.5629117,-0.08212194,0.0287881,0.9962065,-1.217586
0.9921231,0.1028451,0.07151607,-0.07722545,-0.09970913,0.9939469,-0.04612704,0.5585702,-0.07582718,0.03863291,0.9963723,-1.235286
0.9909738,0.1045052,0.08396146,-0.08065939,-0.09937755,0.993047,-0.06310134,0.5561664,-0.08997208,0.0541879,0.994469,-1.250432
0.9918965,0.1017288,0.07610968,-0.08133698,-0.09873871,0.9942234,-0.04207873,0.5502253,-0.07995066,0.03422277,0.9962112,-1.262929
0.9931467,0.08385672,0.08141199,-0.08296037,-0.08033534,0.9957237,-0.04561209,0.5509688,-0.08488873,0.03875923,0.9956363,-1.267619
0.9933174,0.08998901,0.07226747,-0.0808816,-0.08705056,0.9952825,-0.04283598,0.5507733,-0.07578132,0.03625881,0.9964651,-1.266345
0.9925035,0.09967542,0.07072181,-0.07846332,-0.09588117,0.993863,-0.05516434,0.5547037,-0.07578626,0.04796992,0.9959695,-1.261889
0.9920423,0.1018176,0.07406232,-0.08004475,-0.09756048,0.9934793,-0.05899873,0.5594133,-0.07958651,0.05130368,0.9955069,-1.251968
0.9895971,0.1186752,0.08132553,-0.08278966,-0.1131227,0.9911264,-0.06979718,0.5623171,-0.08888713,0.05987133,0.9942406,-1.23405
0.9899553,0.1200064,0.07474595,-0.08278084,-0.1147196,0.9908273,-0.07141981,0.5645435,-0.08263117,0.06212761,0.9946418,-1.205643
0.9931189,0.09258475,0.07171366,-0.08129144,-0.08743173,0.9935693,-0.07194261,0.5714694,-0.07791328,0.06517752,0.9948273,-1.169087
0.995723,0.07676303,0.05141026,-0.07604527,-0.07298422,0.9947498,-0.07173565,0.578151,-0.05664697,0.06767671,0.9960979,-1.125539
0.9971288,0.06179268,0.04376981,-0.07175016,-0.05865626,0.9958462,-0.06964077,0.5862311,-0.04789132,0.06687345,0.9966115,-1.074049
0.9972363,0.05946196,0.04454321,-0.06948018,-0.05460089,0.9931435,-0.1033668,0.5942054,-0.05038416,0.100649,0.9936454,-1.01503
0.9999114,0.006024387,0.0118717,-0.06381655,-0.005210469,0.9977099,-0.06743689,0.5897723,-0.01225078,0.06736906,0.9976529,-0.9587655
0.999898,-0.001525315,0.01420447,-0.06405067,0.002237848,0.9987325,-0.050283,0.5793499,-0.01410976,0.05030966,0.998634,-0.9134853
0.9991698,-0.006313968,0.04024637,-0.06799316,0.007517721,0.9995267,-0.02982883,0.5651023,-0.04003891,0.03010662,0.9987445,-0.8755138
0.9986733,0.01010458,0.05049324,-0.06751752,-0.007876025,0.9989942,-0.0441414,0.5603384,-0.05088848,0.04368515,0.9977485,-0.8415015
0.9993885,0.01744241,0.0303053,-0.06249928,-0.01553271,0.9979461,-0.06214697,0.5613281,-0.03132695,0.06163824,0.9976068,-0.8137016
0.9993985,0.004838385,0.03434178,-0.06063676,-0.002188555,0.9970455,-0.07678273,0.5632715,-0.03461185,0.07666138,0.9964563,-0.8006616
0.9997352,-0.01643661,0.01610142,-0.05865264,0.01729289,0.9983602,-0.05457056,0.5567933,-0.01517808,0.05483455,0.9983801,-0.8020198
0.9996337,-0.004457694,0.02669612,-0.05943108,0.005476683,0.9992543,-0.03821946,0.5506709,-0.02650586,0.03835166,0.9989127,-0.8039567
0.9993966,0.01228044,0.03249133,-0.05921578,-0.01072486,0.9988077,-0.04762563,0.5508528,-0.03303742,0.04724843,0.9983367,-0.8044963
0.9992186,0.008802359,0.03853205,-0.05968165,-0.007482313,0.9993846,-0.03426964,0.5492275,-0.03880996,0.03395455,0.9986695,-0.805912
0.9984511,-0.03153212,0.04583707,-0.06166625,0.03181182,0.9994794,-0.005385194,0.5491331,-0.04564342,0.006835012,0.9989344,-0.80632
0.9987194,-0.005194368,0.05032462,-0.06115746,0.005468921,0.9999709,-0.005319491,0.5570137,-0.0502955,0.005587899,0.9987187,-0.8067536
0.9992791,0.01262812,0.03580308,-0.05969977,-0.0130877,0.9998346,0.01263116,0.5775636,-0.03563762,-0.01309063,0.999279,-0.812721
0.9998689,0.01615483,0.001111686,-0.05899763,-0.01619092,0.9984874,0.05254444,0.6116844,-0.0002611279,-0.05255554,0.9986179,-0.8251274
0.9994245,0.009122713,-0.03267413,-0.05939341,-0.009063697,0.999957,0.001953863,0.6637591,0.03269058,-0.001656589,0.9994642,-0.8361251
0.9968774,-0.02476447,-0.07498145,-0.05879569,0.02763261,0.9989161,0.0374585,0.7077291,0.07397252,-0.03941347,0.9964812,-0.848824
0.9974236,0.006552319,-0.07143617,-0.06301951,-0.006830288,0.99997,-0.00364756,0.7619501,0.07141009,0.004126092,0.9974385,-0.8642914
0.9994274,0.02779345,-0.0192931,-0.07156086,-0.02852213,0.9988483,-0.03858135,0.8208226,0.01819861,0.03910954,0.9990692,-0.8752067
0.9999073,0.00644578,0.01199389,-0.07611966,-0.005536964,0.9972189,-0.0743219,0.8756215,-0.01243955,0.0742486,0.9971621,-0.8788912
0.9976927,0.005237311,0.06768921,-0.08436966,0.002557208,0.9934136,-0.114555,0.9293716,-0.06784335,0.1144638,0.9911082,-0.8861263
0.9958822,0.04652983,0.07780561,-0.08819604,-0.0363001,0.9910997,-0.1280769,0.971002,-0.08307248,0.1247251,0.9887075,-0.8924754
0.9959235,0.06281413,0.06473711,-0.09108377,-0.05308796,0.9883953,-0.1423246,1.003223,-0.0729259,0.1383076,0.9877008,-0.8955028
0.9942018,0.08241893,0.06906387,-0.09221148,-0.070795,0.9851356,-0.1565119,1.026937,-0.08093685,0.150715,0.9852585,-0.8950491
0.9922501,0.09405924,0.08119485,-0.09362864,-0.07635332,0.9770643,-0.1987854,1.049693,-0.09803018,0.1910453,0.9766738,-0.890331
0.9926079,0.1013959,0.0666967,-0.09057236,-0.08451209,0.9718848,-0.219767,1.061609,-0.08710507,0.2125058,0.9732698,-0.8844187
0.9915034,0.1145587,0.06162158,-0.08769608,-0.09678389,0.9661959,-0.2389527,1.061265,-0.0869126,0.2309584,0.969074,-0.8801157
0.990175,0.1196733,0.07233116,-0.09055281,-0.1002783,0.9682087,-0.2291642,1.037992,-0.09745643,0.2196594,0.9706967,-0.8820918
0.9914887,0.1175756,0.0559122,-0.09218407,-0.1020993,0.9686601,-0.2264364,0.9953747,-0.08078328,0.2188005,0.9724199,-0.8807464
0.9949279,0.09520037,0.03248727,-0.0902729,-0.08616506,0.9732227,-0.2131039,0.9363207,-0.05190492,0.2092237,0.9764892,-0.8749352
0.995912,0.08580463,0.02823198,-0.08773828,-0.07789134,0.9740239,-0.2126271,0.8640956,-0.04574302,0.2095588,0.9767255,-0.8669541
0.9986786,0.05119788,-0.004459083,-0.07793689,-0.05114925,0.9817998,-0.182901,0.7900636,-0.004986167,0.1828874,0.9831212,-0.8542955
0.9999927,6.830692E-05,0.003806025,-0.07485056,0.0004319517,0.9913446,-0.1312849,0.7186325,-0.003782064,0.1312856,0.9913374,-0.8489926
0.9954739,0.08301233,0.04626888,-0.0747118,-0.07587587,0.9873788,-0.1390176,0.6566873,-0.05722505,0.1348777,0.9892085,-0.8479152
0.9957395,0.0488347,0.07821831,-0.07844853,-0.04084911,0.9940854,-0.100626,0.6036791,-0.08266976,0.09700212,0.9918449,-0.8456571
0.9967477,0.02940233,0.07502896,-0.07673931,-0.02415268,0.9972587,-0.06994111,0.5700973,-0.07687968,0.06790149,0.9947256,-0.8408639
0.9980489,0.01970028,0.05924746,-0.07621503,-0.01637027,0.9982867,-0.05617464,0.5525818,-0.06025267,0.05509514,0.9966615,-0.8393931
0.9971675,0.04602801,0.05948472,-0.07684112,-0.0423101,0.9971591,-0.06231857,0.5482651,-0.06218413,0.05962525,0.9962821,-0.8403981
0.9981757,0.03594476,0.04850996,-0.07725406,-0.03295213,0.9975851,-0.06114093,0.5493726,-0.05059054,0.05943089,0.9969496,-0.8421779
0.9981627,0.03795435,0.04722825,-0.07856369,-0.03480445,0.9972244,-0.06581879,0.5509048,-0.0495953,0.06405412,0.9967133,-0.8427038
0.9984687,0.03758707,0.04058853,-0.07809687,-0.0350907,0.9975477,-0.06055742,0.5507113,-0.04276526,0.05904041,0.9973391,-0.8432269
0.9987508,0.03800991,0.03243703,-0.07641721,-0.0360904,0.9976733,-0.05784012,0.5506746,-0.03456011,0.0565972,0.9977988,-0.8431113
0.998686,0.04215438,0.029145,-0.07582855,-0.0405161,0.9976813,-0.05468459,0.5502827,-0.03138256,0.0534319,0.9980782,-0.8430457
0.9987905,0.04007676,0.02848524,-0.07599187,-0.03837652,0.9975834,-0.05791828,0.5518722,-0.03073758,0.05675506,0.9979149,-0.843045
0.9987918,0.03957611,0.02913377,-0.07611966,-0.03778787,0.997509,-0.05956386,0.5526217,-0.03141844,0.05839099,0.9977993,-0.8432589
0.9988898,0.03816612,0.02761319,-0.07585073,-0.03651829,0.9976541,-0.05790182,0.5525445,-0.0297583,0.05682915,0.9979403,-0.843555
0.9991031,0.03389797,0.02537474,-0.07497883,-0.03247852,0.9979907,-0.05440371,0.5521032,-0.02716792,0.05353078,0.9981965,-0.8434894
0.9991459,0.03242894,0.02561152,-0.07491708,-0.03100441,0.9980494,-0.05418528,0.5524064,-0.02731875,0.05334493,0.9982024,-0.8432491
0.9991446,0.03187901,0.02634093,-0.07521725,-0.03038904,0.9980155,-0.05515012,0.5529448,-0.02804679,0.05430246,0.9981306,-0.8431363
0.9993118,0.02779648,0.02456379,-0.07480097,-0.02645666,0.998229,-0.05328182,0.5527911,-0.02600136,0.05259527,0.9982774,-0.8424811
0.9995067,0.02346362,0.02087447,-0.07355046,-0.0223379,0.9983648,-0.05261836,0.5535179,-0.02207488,0.05212611,0.9983965,-0.8425283
0.999513,0.02254852,0.02157041,-0.07424426,-0.02140612,0.9984279,-0.05180169,0.5526409,-0.02270457,0.05131473,0.9984244,-0.8422985
0.9995435,0.02033086,0.02234733,-0.07454133,-0.01925881,0.9987006,-0.04718378,0.5517946,-0.02327758,0.04673186,0.9986362,-0.8423676
0.9995553,0.02039133,0.02175343,-0.0746994,-0.01939101,0.9987877,-0.04524457,0.5512849,-0.02264965,0.04480264,0.9987391,-0.8420959
0.9994859,0.02031401,0.02480659,-0.07522631,-0.01923597,0.9988921,-0.04294942,0.551184,-0.02565157,0.04245015,0.9987692,-0.8427036
0.9996439,0.01625846,0.02115795,-0.07408071,-0.01548645,0.9992262,-0.03615428,0.5501164,-0.02172938,0.03581375,0.9991223,-0.8434243
0.9997483,0.01396627,0.01755416,-0.07341218,-0.01334521,0.9992978,-0.03501206,0.5504209,-0.01803085,0.03476898,0.9992327,-0.8433635
0.9998299,0.009858277,0.01558486,-0.07353783,-0.009279072,0.9992792,-0.03680998,0.5515261,-0.01593649,0.03665911,0.9992007,-0.8427954
0.9998817,0.006864164,0.01376489,-0.07293487,-0.00639424,0.9994048,-0.0338978,0.5509644,-0.01398939,0.03380577,0.9993305,-0.8420203
0.9999532,0.005406545,0.008030921,-0.07105708,-0.005136627,0.9994336,-0.03325876,0.5506094,-0.008206248,0.03321595,0.9994145,-0.8405931
0.9999558,0.004168861,0.008427083,-0.07048297,-0.003887554,0.9994436,-0.0331269,0.5504714,-0.008560538,0.03309267,0.9994156,-0.8399982
0.9999471,0.003319608,0.009739608,-0.07025695,-0.002975533,0.9993783,-0.03513217,0.551555,-0.009850144,0.03510133,0.9993353,-0.8398221
0.9998964,0.005364292,0.01335946,-0.07148719,-0.004887333,0.9993584,-0.03548258,0.5516486,-0.01354119,0.03541361,0.999281,-0.8395119
0.9999009,0.004164452,0.01344419,-0.07147002,-0.003683372,0.9993589,-0.03561227,0.5518087,-0.0135839,0.03555921,0.9992752,-0.8399603
0.9998881,0.004455075,0.01428765,-0.0719192,-0.003938114,0.9993437,-0.03600872,0.5520221,-0.01443869,0.03594842,0.9992493,-0.8404195
0.9998841,0.003783046,0.01474741,-0.07157636,-0.003297345,0.9994558,-0.03282118,0.5509647,-0.01486352,0.03276875,0.9993525,-0.8409121
0.9999118,0.0008635251,0.01326028,-0.0704062,-0.0004445433,0.9995015,-0.03156745,0.5512919,-0.01328087,0.03155877,0.9994136,-0.8408585
0.9999136,-0.001852369,0.01302063,-0.070292,0.002301064,0.999401,-0.0345306,0.5521361,-0.01294887,0.03455757,0.9993188,-0.8402083
0.9998419,-0.006188009,0.01667038,-0.06996059,0.006678261,0.999542,-0.02951541,0.5510558,-0.01648006,0.02962207,0.9994253,-0.8400033
0.9998095,-0.01137721,0.01585981,-0.0693686,0.01172714,0.9996859,-0.02214855,0.549964,-0.01560283,0.02233032,0.9996289,-0.8400223
0.9997648,-0.007130808,0.02048165,-0.07008433,0.007591945,0.9997174,-0.02252585,0.5499446,-0.02031529,0.02267605,0.9995364,-0.840627
0.9997075,-0.002869597,0.02401713,-0.07075047,0.00336875,0.9997786,-0.02076859,0.5496081,-0.02395225,0.02084342,0.9994958,-0.8408494
0.9996414,-0.01086533,0.0244723,-0.07129383,0.01118342,0.9998543,-0.0128987,0.5480231,-0.02432865,0.01316776,0.9996173,-0.8406861
0.9993576,-0.0110991,0.03407419,-0.07250381,0.01143453,0.9998879,-0.009664906,0.5474302,-0.03396308,0.01004832,0.9993725,-0.8403096
0.9986306,-0.005542935,0.05202058,-0.07469773,0.005889351,0.9999615,-0.006508323,0.5467706,-0.05198246,0.006805778,0.9986248,-0.8402884
0.9951165,-0.01149466,0.09803545,-0.07917762,0.01411192,0.9995611,-0.0260456,0.5491793,-0.09769303,0.02730187,0.9948421,-0.8398738
0.9850667,-0.04934048,0.164952,-0.0826931,0.05400718,0.9982539,-0.02392423,0.5481991,-0.1634835,0.03247554,0.9860114,-0.8383164
0.9497556,0.04291599,0.3100364,-0.08609867,-0.01185013,0.9947754,-0.1013979,0.5491764,-0.3127682,0.0926293,0.9453021,-0.8354166
0.8801154,0.01568944,0.4745006,-0.09553289,0.02268736,0.9969221,-0.07504449,0.545407,-0.4742175,0.07681298,0.8770505,-0.8330882
0.8075492,0.01024867,0.5897112,-0.1047313,0.04688941,0.9955688,-0.0815124,0.5462326,-0.5879335,0.09347647,0.8034902,-0.8285346
0.7355152,0.02235293,0.6771395,-0.1122041,0.02723511,0.9976722,-0.06251701,0.5450526,-0.6769606,0.06442417,0.7331943,-0.8247902
0.6740411,0.04012552,0.7376034,-0.1159701,0.01585531,0.9975077,-0.06875329,0.5467185,-0.7385238,0.05803747,0.671725,-0.8206534
0.64459,0.1060005,0.7571445,-0.1129575,0.002102427,0.9900922,-0.1404032,0.5511479,-0.7645257,0.09209437,0.6379806,-0.8176186
0.5896636,0.06230326,0.8052425,-0.1123526,0.06033613,0.9908359,-0.120846,0.5505054,-0.8053922,0.1198437,0.5805007,-0.8147697
0.474,0.05606209,0.8787385,-0.1148825,0.05505987,0.994131,-0.09312379,0.5511397,-0.8788019,0.0925239,0.4681313,-0.8080897
0.3455309,0.0526695,0.9369283,-0.1174283,0.05873202,0.9952525,-0.07760806,0.5527282,-0.9365679,0.08184367,0.3407971,-0.7990148
0.2592163,0.05964182,0.9639761,-0.1170943,0.03345429,0.9969381,-0.07067718,0.5526756,-0.9652399,0.05056982,0.2564274,-0.7900016
0.1607569,0.09172942,0.9827224,-0.1161156,-0.02140054,0.9957618,-0.08944578,0.554643,-0.9867622,-0.006651755,0.1620386,-0.779671
0.04618105,0.1063841,0.9932523,-0.1147075,-0.05737978,0.9929537,-0.1036843,0.5567302,-0.9972839,-0.05220432,0.05195996,-0.7683017
-0.01547346,0.09278359,0.9955662,-0.114531,-0.09024134,0.9914922,-0.09380648,0.5552441,-0.9957999,-0.09129271,-0.006968945,-0.7640126
-0.03990749,0.08544734,0.9955434,-0.1141865,-0.1201854,0.9886928,-0.08967715,0.5545697,-0.9919492,-0.1232285,-0.02918676,-0.7621875
-0.04412875,0.07284367,0.9963668,-0.1154685,-0.1478866,0.9858739,-0.07862639,0.5536603,-0.9880196,-0.1508189,-0.03273281,-0.7620497
-0.05371535,0.06816359,0.9962273,-0.1161182,-0.1944478,0.9778551,-0.07739092,0.5548363,-0.9794412,-0.1978712,-0.03927156,-0.7610428
-0.02312958,0.05909053,0.9979848,-0.1166325,-0.2582458,0.9640186,-0.06306457,0.5540552,-0.9658025,-0.259184,-0.007037491,-0.7632995
-0.02348498,0.03855807,0.9989806,-0.1169386,-0.338331,0.9399869,-0.04423483,0.5523933,-0.9407343,-0.3390248,-0.009030193,-0.7635207
-0.02798396,-0.005698428,0.9995923,-0.1158819,-0.4510421,0.8924708,-0.007539289,0.5472577,-0.892064,-0.4510691,-0.02754509,-0.7625501
-0.03134403,-0.05963296,0.9977283,-0.1130633,-0.6811665,0.7317877,0.02233898,0.5415968,-0.7314575,-0.6789188,-0.06355715,-0.7626684
-0.009422407,-0.1205537,0.9926623,-0.1113515,-0.8676771,0.4944213,0.05180896,0.5340238,-0.4970393,-0.860822,-0.1092603,-0.7598906
0.03795452,-0.1395744,0.9894841,-0.1120181,-0.9528165,0.2933728,0.07793069,0.5275434,-0.301165,-0.9457545,-0.1218541,-0.7616782
0.03929153,-0.15104,0.9877467,-0.1127439,-0.9773621,0.1998544,0.06943902,0.5293385,-0.2078937,-0.9681143,-0.1397682,-0.7617347
0.02487785,-0.1182207,0.9926758,-0.1149733,-0.9974,-0.07011729,0.01664589,0.5342451,0.06763561,-0.9905088,-0.1196578,-0.7635036
0.01382545,-0.1128248,0.9935189,-0.1163845,-0.9578928,-0.2864839,-0.01920353,0.5363733,0.2867935,-0.9514189,-0.1120349,-0.7608333
0.02531064,-0.1181244,0.9926764,-0.1166813,-0.7964078,-0.6025723,-0.05139727,0.5358651,0.6042302,-0.7892741,-0.1093268,-0.7543364
0.03735179,-0.1356748,0.9900493,-0.1163046,-0.5554156,-0.826435,-0.09229901,0.5349585,0.8307337,-0.5464412,-0.1062249,-0.7456682
0.0277167,-0.1387918,0.9899338,-0.1150157,-0.2580882,-0.9577312,-0.1270508,0.53504,0.9657238,-0.2519687,-0.06236586,-0.7439408
0.01381677,-0.1518314,0.9883101,-0.1159585,0.0894336,-0.9842553,-0.1524588,0.5318238,0.9958971,0.0904946,-2.062321E-05,-0.7459939
0.03942463,-0.16002,0.9863263,-0.1162634,0.15039,-0.9748996,-0.1641774,0.5301321,0.9878404,0.1548062,-0.01436979,-0.7432439
0.1268807,-0.172048,0.9768834,-0.1158774,0.2910715,-0.9350289,-0.2024819,0.5292806,0.9482503,0.3100339,-0.06855902,-0.7410877
0.2002698,-0.08599611,0.9759595,-0.1202452,0.4571267,-0.8728641,-0.1707158,0.5230491,0.8665606,0.4803263,-0.1354974,-0.7411845
0.1273201,-0.04915383,0.9906431,-0.125586,0.6517648,-0.7487205,-0.1209167,0.518688,0.747658,0.6610613,-0.0632906,-0.7480471
0.02033204,-0.07406849,0.9970461,-0.1269953,0.8084301,-0.5855281,-0.0599835,0.513333,0.588241,0.8072615,0.04797408,-0.7538064
0.04167341,-0.0960871,0.9945003,-0.1270757,0.9136688,-0.399129,-0.07684959,0.5205796,0.4043179,0.9118463,0.07115859,-0.7533033
0.103958,-0.1361314,0.9852215,-0.1245954,0.9683513,0.2398539,-0.06903654,0.5365961,-0.2269113,0.9612172,0.1567577,-0.7655382
0.1565954,-0.1088395,0.9816477,-0.1229215,0.7876872,0.6133724,-0.05764713,0.5452245,-0.5958414,0.7822585,0.1817828,-0.7725391
0.1805213,-0.0664404,0.9813247,-0.1207986,0.5044242,0.8627713,-0.03437849,0.5506755,-0.8443747,0.5012099,0.1892627,-0.7771194
0.1651774,-0.02115703,0.9860371,-0.1195505,0.2323615,0.9724619,-0.01805862,0.5533174,-0.9585014,0.2320998,0.1655448,-0.7757981
0.1369907,0.02338603,0.9902964,-0.119843,0.01423205,0.9995716,-0.02557383,0.5552791,-0.9904703,0.01759732,0.1365992,-0.771735
0.1344892,0.05528128,0.989372,-0.1210132,-0.1509123,0.9879384,-0.03468709,0.556136,-0.9793562,-0.1446433,0.1412096,-0.771374
0.1074057,0.05932693,0.9924438,-0.1220555,-0.2122297,0.9765781,-0.03541025,0.5564092,-0.9712996,-0.2068227,0.117481,-0.7670305
0.1076338,0.03678322,0.9935101,-0.1234016,-0.1876146,0.9821118,-0.01603563,0.5529702,-0.9763279,-0.184671,0.1126095,-0.7678373
0.09177738,0.03943114,0.9949988,-0.1237805,-0.168884,0.9853565,-0.02347137,0.5537186,-0.9813539,-0.1658852,0.09709275,-0.7654729
0.07019368,0.03289155,0.9969912,-0.1246288,-0.1563218,0.9874706,-0.02157153,0.5542373,-0.985209,-0.1543372,0.07445586,-0.7621064
0.05507353,0.04766548,0.9973441,-0.1245465,-0.141183,0.989196,-0.0394799,0.5565463,-0.9884506,-0.1386337,0.0612081,-0.7607954
0.0614489,0.03954554,0.9973267,-0.1248312,-0.1497711,0.9882667,-0.02995835,0.5549526,-0.9868095,-0.1475298,0.06665069,-0.7625184
0.06068015,0.04551748,0.9971191,-0.1244037,-0.1518714,0.98775,-0.03584757,0.5559894,-0.986536,-0.1492586,0.06684959,-0.7625701
0.05426136,0.0464776,0.9974447,-0.1245873,-0.1490043,0.9881086,-0.03793668,0.5563725,-0.9873469,-0.146565,0.06054145,-0.7618213
0.04406384,0.04793889,0.9978781,-0.1246552,-0.1474825,0.988216,-0.04096226,0.5572648,-0.9880828,-0.1453646,0.05061471,-0.7610817
0.03211519,0.05005493,0.9982302,-0.1244922,-0.148551,0.9878914,-0.0447573,0.5578665,-0.9883833,-0.1468506,0.03916201,-0.7604594
0.02457356,0.04829393,0.9985311,-0.1243873,-0.153569,0.9871594,-0.04396465,0.5578629,-0.9878325,-0.152263,0.03167447,-0.760427
0.02264297,0.04440959,0.9987569,-0.1243322,-0.1543028,0.9871974,-0.04039737,0.5576327,-0.9877644,-0.1531962,0.02920553,-0.760416
0.02072817,0.04865802,0.9986006,-0.1244504,-0.1565891,0.9866461,-0.04482515,0.5578822,-0.9874465,-0.1554408,0.02807066,-0.7603977
0.02024078,0.05011193,0.9985387,-0.1239383,-0.1532168,0.9871011,-0.04643216,0.5581499,-0.9879855,-0.152053,0.02765769,-0.7603345
0.02536798,0.0489759,0.9984779,-0.1242085,-0.1541038,0.9870521,-0.04450019,0.5577872,-0.9877292,-0.1527403,0.0325869,-0.7601573
0.01556194,0.04871874,0.9986914,-0.124248,-0.1515272,0.9873912,-0.04580633,0.5579717,-0.9883308,-0.150616,0.02274793,-0.7591348
-0.007255614,0.05666531,0.9983671,-0.1244228,-0.1502268,0.9870006,-0.05711194,0.5589603,-0.9886252,-0.1503958,0.001351297,-0.7570004
-0.07291666,0.05745228,0.9956821,-0.1255836,-0.1423224,0.9875227,-0.06740414,0.5611818,-0.9871311,-0.1466227,-0.06383008,-0.7516971
-0.1522895,0.04633675,0.9872493,-0.1260529,-0.1408609,0.9876854,-0.0680859,0.5648863,-0.9782467,-0.1494336,-0.1438871,-0.7448137
-0.275753,0.03915582,0.9604309,-0.124846,-0.1524342,0.9847448,-0.08391306,0.5689133,-0.9490651,-0.1695418,-0.2655777,-0.7358215
-0.4362279,0.007731088,0.8998033,-0.1215599,-0.157521,0.9838662,-0.08482006,0.5717757,-0.8859418,-0.1787387,-0.427972,-0.7226834
-0.5789994,-0.0009240061,0.8153278,-0.1158705,-0.1503832,0.9829632,-0.1056796,0.5781693,-0.8013395,-0.1838,-0.5692741,-0.7116377
-0.7248623,-0.01372667,0.6887574,-0.1037023,-0.129481,0.9846973,-0.1166439,0.5830594,-0.6766164,-0.1737317,-0.7155473,-0.6993279
-0.8491668,-0.03963995,0.5266353,-0.08639479,-0.1120354,0.9880041,-0.1062829,0.5851146,-0.5161049,-0.1492537,-0.8434213,-0.688206
-0.9274755,-0.08798467,0.3633847,-0.06804609,-0.1343247,0.9854394,-0.1042401,0.5866477,-0.3489222,-0.1454917,-0.9257894,-0.6806519
-0.9803899,-0.05751858,0.1884882,-0.045012,-0.08468258,0.9866099,-0.1393909,0.590045,-0.1779467,-0.152619,-0.9721332,-0.6807873
-0.9959062,-0.07123557,0.05564797,-0.0291779,-0.07804763,0.9882025,-0.1317742,0.5877009,-0.04560438,-0.1355779,-0.9897168,-0.6832557
-0.9971789,-0.05102171,-0.05505958,-0.01446104,-0.04458538,0.992664,-0.1123842,0.5842303,0.06038967,-0.1096122,-0.9921384,-0.6862814
-0.9914589,-0.05523884,-0.1181455,-0.006438732,-0.04325721,0.9938764,-0.1016784,0.5807745,0.1230385,-0.09569933,-0.9877771,-0.6897182
-0.9919568,-0.03764699,-0.1208501,-0.004842281,-0.02548962,0.9945991,-0.1006127,0.5790398,0.1239852,-0.09672303,-0.987559,-0.6914139
-0.9880896,-0.1142316,-0.1031045,-0.006861687,-0.1128167,0.993425,-0.0194718,0.5671222,0.1046509,-0.007607955,-0.9944801,-0.6902182
-0.9815632,-0.1674133,-0.09223261,-0.009025812,-0.169758,0.9853189,0.0181352,0.5606009,0.08784246,0.03345808,-0.9955724,-0.6876054
-0.9776039,-0.1949012,-0.07940164,-0.01119852,-0.1977882,0.9797793,0.03020492,0.5583844,0.07190913,0.04523316,-0.9963852,-0.686321
-0.9447917,-0.3191633,-0.07418749,-0.01268339,-0.3217297,0.9464917,0.0253691,0.5579122,0.06212097,0.04783686,-0.9969218,-0.6846368
-0.7363116,-0.67342,-0.06596324,-0.01779652,-0.6754238,0.7373332,0.01193604,0.5598196,0.0405989,0.05334181,-0.9977509,-0.6869464
-0.501319,-0.8636351,-0.05304793,-0.02554774,-0.8610426,0.503983,-0.06787454,0.5684263,0.08535403,0.01164979,-0.9962828,-0.6908286
-0.06022725,-0.9935971,-0.09559059,-0.02429223,-0.9772484,0.0782036,-0.1971545,0.5773666,0.2033676,0.08154172,-0.9757012,-0.692657
0.3427726,-0.9327067,-0.1120954,-0.01969266,-0.9240339,-0.3132439,-0.2191801,0.564545,0.1693174,0.178709,-0.969224,-0.6874721
0.5962901,-0.7861507,-0.1624969,-0.009355307,-0.8002142,-0.5659513,-0.1983854,0.5477982,0.06399536,0.2483276,-0.9665601,-0.685097
0.7594545,-0.6170099,-0.2062224,0.002300024,-0.6495569,-0.7367781,-0.1877083,0.5399098,-0.03612235,0.2765092,-0.9603324,-0.6815467
0.7168941,-0.6411481,-0.2738466,0.01089525,-0.677899,-0.7327833,-0.05900877,0.5248447,-0.1628369,0.2279434,-0.9599617,-0.679909
0.8176192,-0.5062137,-0.2743111,0.007623196,-0.5440453,-0.8352036,-0.08031203,0.5300086,-0.1884507,0.2149024,-0.9582816,-0.6788564
0.9853935,-0.1472862,-0.08547688,-0.01635933,-0.1601375,-0.9721863,-0.1709101,0.5477291,-0.05792686,0.1821018,-0.9815722,-0.6770446
0.9932877,0.1093223,0.03778979,-0.02972078,0.1153939,-0.9590853,-0.2585345,0.5593734,0.0079799,0.2611598,-0.9652628,-0.678324
0.9948197,0.1016539,0.0005728304,-0.01952529,0.09892908,-0.9668272,-0.2354966,0.5603672,-0.02338549,0.2343333,-0.9718752,-0.6753373
0.8427967,0.5381947,0.006339133,-0.01395178,0.5257189,-0.8206213,-0.2240552,0.5647663,-0.1153834,0.1921656,-0.9745561,-0.6743476
0.2468961,0.9659117,0.0778268,-0.01861119,0.9548222,-0.2287794,-0.1896706,0.5628984,-0.1654,0.1211397,-0.9787587,-0.6757572
-0.1385092,0.9901543,0.02024561,-0.01241088,0.9729634,0.1398622,-0.1837962,0.5595698,-0.1848182,-0.005759269,-0.9827561,-0.6822205
-0.450893,0.8837861,-0.1249716,0.008130312,0.8839002,0.4226343,-0.2002518,0.5552893,-0.1241625,-0.2007546,-0.9717417,-0.6845498
-0.810847,0.5729441,-0.1194255,0.007831335,0.5844941,0.7823235,-0.2152596,0.5543514,-0.02990231,-0.2443461,-0.9692272,-0.686903
-0.8770323,0.4705859,-0.09676629,0.004905939,0.4796284,0.8692657,-0.1197241,0.5373284,0.02777514,-0.1514138,-0.9880804,-0.6845741
-0.9290518,0.3451526,-0.1331646,-0.0001316071,0.3560874,0.9319106,-0.06887908,0.534265,0.1003238,-0.1114105,-0.9886978,-0.6844227
-0.971029,0.1902609,-0.144581,-0.00858283,0.1952897,0.9805145,-0.02129145,0.5383546,0.1377129,-0.04890983,-0.9892641,-0.6813841
-0.9976587,0.02101819,-0.06508297,-0.01826668,0.02719667,0.9950529,-0.09555142,0.5510195,0.06275263,-0.09709772,-0.9932948,-0.6806674
-0.9498037,-0.3024561,-0.0799607,-0.01581478,-0.2937431,0.9501297,-0.1047307,0.5544571,0.1076494,-0.07598563,-0.9912811,-0.6780357
-0.5257322,-0.8376838,-0.1479587,-0.0131042,-0.8204632,0.5452712,-0.1718123,0.5563841,0.224602,0.03106755,-0.9739554,-0.6798799
0.1009197,-0.9784489,-0.1801474,-0.01043844,-0.9679055,-0.0546696,-0.2452966,0.5525728,0.2301615,0.199121,-0.9525634,-0.6814919
0.4977966,-0.8392229,-0.2188688,-0.001242399,-0.8592539,-0.4429376,-0.2559088,0.5335504,0.1178192,0.3154544,-0.9415984,-0.6825504
0.7575701,-0.585503,-0.288572,0.01549578,-0.6527289,-0.6833624,-0.3270495,0.5261039,-0.00571081,0.4361222,-0.8998696,-0.6836202
0.8655502,-0.4363618,-0.2457869,0.01552391,-0.4980406,-0.8016106,-0.3307213,0.5242893,-0.05271137,0.4086677,-0.91116,-0.6774874
0.9142423,-0.3341869,-0.2290854,0.01459479,-0.3862953,-0.8895052,-0.2440428,0.5133126,-0.1222169,0.3116089,-0.9423181,-0.6715186
0.985414,-0.1060785,-0.1330663,0.000346899,-0.1400784,-0.9496353,-0.2803057,0.5171235,-0.09663019,0.2948569,-0.9506432,-0.6712518
0.9896606,0.1267203,-0.06718427,-0.01925302,0.09699829,-0.936379,-0.3373222,0.524412,-0.1056557,0.3273178,-0.938989,-0.6703942
0.9597934,0.2805963,0.007889658,-0.03840828,0.2694823,-0.9131807,-0.3057463,0.5257624,-0.07858673,0.2955794,-0.9520805,-0.6690366
0.9585001,0.2825273,0.03815606,-0.04038,0.2799386,-0.9073737,-0.3135408,0.523042,-0.05396223,0.3112102,-0.9488081,-0.6689565
0.9755033,0.2198764,0.006906629,-0.03049278,0.2109143,-0.9258978,-0.3134151,0.5180039,-0.06251794,0.3071941,-0.9495913,-0.6684692
0.9785623,0.2045327,0.0241285,-0.02902961,0.2002034,-0.917218,-0.3444276,0.52144,-0.04831576,0.3418744,-0.938503,-0.6679451
0.9812636,0.186975,0.04649824,-0.02865863,0.1903776,-0.9038121,-0.3832501,0.5279918,-0.02963266,0.3849216,-0.9224737,-0.6672826
0.9819018,0.1768921,0.06766292,-0.02907467,0.1884912,-0.877951,-0.4400836,0.5360764,-0.01844269,0.4448727,-0.8954041,-0.6666257
0.9854041,0.1443986,0.09015468,-0.03121138,0.1702022,-0.8258755,-0.5375513,0.556421,-0.003165334,0.5450498,-0.8383979,-0.6666996
0.9874034,0.1080798,0.1155561,-0.03519058,0.1569156,-0.7625952,-0.627556,0.5817572,0.02029628,0.6377835,-0.7699484,-0.6677403
0.9886189,0.07361341,0.1312016,-0.03728509,0.1452627,-0.6939538,-0.7052144,0.6035495,0.03913438,0.7162469,-0.6967491,-0.6674218
0.9871408,0.05802476,0.1489503,-0.03983521,0.1541485,-0.5922401,-0.7908795,0.6249537,0.04232359,0.8036698,-0.5935687,-0.6742418
0.9910899,0.01078665,0.1327574,-0.04025483,0.1232823,-0.451601,-0.8836619,0.6502423,0.05042139,0.8921549,-0.4489069,-0.6851027
0.9940172,-0.0400933,0.1015989,-0.0377984,0.08009815,-0.3648196,-0.9276267,0.6698197,0.07425672,0.9302148,-0.3594255,-0.696152
0.9906393,-0.0705418,0.1168655,-0.04278994,0.09722353,-0.2363352,-0.9667955,0.6842009,0.09581873,0.9691077,-0.2272647,-0.7143712
0.9874982,-0.07968786,0.1360047,-0.04889107,0.1261059,-0.1182967,-0.9849383,0.6905443,0.09457642,0.9897757,-0.1067687,-0.7297525
0.9874009,0.02921575,0.1555184,-0.04974532,0.1570073,-0.0585119,-0.9858627,0.6920418,-0.01970318,0.9978592,-0.06236176,-0.7343757
0.995654,0.06556714,0.06613778,-0.0357573,0.06634533,-0.0009920312,-0.9977964,0.688234,-0.06535715,0.9978478,-0.005337765,-0.738729
0.9925132,0.09594029,0.07558484,-0.03727007,0.07062016,0.05413252,-0.9960335,0.6877692,-0.09965143,0.9939141,0.04695195,-0.7458012
0.9942805,0.0855034,0.06399538,-0.03690767,0.05504098,0.1032645,-0.99313,0.6883672,-0.09152451,0.9909722,0.09796771,-0.751663
0.9977276,0.05689868,0.03608365,-0.0339694,0.0297859,0.1078869,-0.993717,0.6870305,-0.06043422,0.9925337,0.105947,-0.7530994
0.9978132,0.05362898,0.03863703,-0.03291368,0.03267867,0.1078455,-0.9936305,0.6883925,-0.05745429,0.9927202,0.1058572,-0.7542732
0.9939944,0.105408,0.02940127,-0.02953386,0.01876411,0.1005202,-0.9947582,0.6919715,-0.1078109,0.9893356,0.09793868,-0.7525077
0.8785877,0.4744556,0.05454872,-0.02270484,-0.005899433,0.1249917,-0.9921404,0.6964149,-0.4775447,0.8713605,0.1126152,-0.7561588
0.5410512,0.8356531,0.09459174,-0.01814413,-0.09853094,0.1746895,-0.9796813,0.7002031,-0.8351979,0.5207375,0.1768536,-0.7708678
0.05275419,0.9913595,0.1200986,-0.01881313,-0.184014,0.1278568,-0.9745726,0.6976573,-0.9815071,0.02931309,0.1891689,-0.7752149
-0.3585381,0.9284655,0.09696643,-0.01459479,-0.2170364,0.01811889,-0.9759955,0.69664,-0.907935,-0.3709766,0.1950144,-0.7771904
-0.5314229,0.8374413,0.1276013,-0.01984406,-0.2115993,0.01462679,-0.9772472,0.6997072,-0.8202536,-0.5463316,0.1694288,-0.7754502
-0.6875539,0.6783404,0.2590835,-0.0359118,-0.2985514,0.06116259,-0.9524319,0.6981989,-0.6619193,-0.7321978,0.1604667,-0.7839711
-0.8591322,0.447846,0.2476416,-0.04462099,-0.2243825,0.105261,-0.9687997,0.7032504,-0.45994,-0.8878932,0.0100555,-0.7815363
-0.9445465,0.2405958,0.2234865,-0.04441714,-0.1808044,0.1870843,-0.9655617,0.7034829,-0.274121,-0.952425,-0.1332092,-0.7724934
-0.9961672,-0.03406304,0.08056688,-0.02809787,-0.08010474,-0.01472096,-0.9966779,0.7022503,0.03513578,-0.9993113,0.01193568,-0.7816944
-0.7141386,-0.6956874,0.07762413,-0.04110384,-0.07943109,-0.02963957,-0.9963998,0.7019921,0.6954833,-0.7177331,-0.03409265,-0.7590532
-0.2168754,-0.9650289,0.1472569,-0.05796051,-0.01711409,-0.1470655,-0.9889789,0.7025406,0.9760493,-0.2170053,0.01537915,-0.7489736
0.3822205,-0.9210382,0.07480846,-0.04563451,0.1168884,-0.03211559,-0.9926258,0.7054593,0.9166485,0.3881463,0.09538338,-0.7483368
0.7340489,-0.6790496,0.008000836,-0.03117585,0.1817692,0.1851126,-0.9657606,0.7063782,0.654318,0.7103697,0.259312,-0.7672365
0.8752341,-0.4708631,0.1106941,-0.04569149,0.2406058,0.2252849,-0.9441164,0.7052749,0.4196118,0.8529566,0.3104694,-0.7728281
0.9708786,-0.2206461,0.0933276,-0.04347587,0.1445342,0.2287821,-0.9626883,0.7038016,0.1910616,0.9481424,0.2540106,-0.7723727
0.9925297,0.08161277,0.09068685,-0.03836012,0.08157359,0.1088075,-0.9907103,0.6987417,-0.09072205,0.990707,0.1013373,-0.7675374
0.9560539,0.1990512,0.2152665,-0.04718518,0.1782854,0.1881801,-0.9658172,0.6955443,-0.2327559,0.9617521,0.1444224,-0.7742238
0.7026014,0.6930794,0.1612211,-0.03251863,-0.05375479,0.2776151,-0.9591874,0.6940655,-0.7095504,0.6652601,0.2323091,-0.7869027
0.1109415,0.9869221,0.1169484,-0.01660395,-0.220723,0.139204,-0.9653516,0.6955977,-0.9690066,0.08128443,0.2332798,-0.7948179
-0.4844828,0.8713959,0.07710944,-0.007647514,-0.2341196,-0.04422591,-0.9712015,0.6975734,-0.8428908,-0.4885831,0.2254373,-0.7971947
-0.7847685,0.6179273,0.04800747,-0.008968353,-0.1859937,-0.1609075,-0.969286,0.6930758,-0.5912235,-0.769594,0.2412054,-0.8000283
-0.7907636,0.6056092,0.08905505,-0.01473355,-0.1610243,-0.06544291,-0.9847785,0.6907923,-0.590563,-0.7930667,0.1492675,-0.7861686
-0.9301519,0.3461357,0.122507,-0.02521014,-0.1615275,-0.08611695,-0.9831038,0.688318,-0.3297375,-0.9342238,0.136012,-0.7944374
